 0.000000E+00 0.100000000021310864E+01 0.313938703912781421E+02 0.000000000000000000E+00
 0.500000E-01 0.983960141006750444E+00 0.159907110489370528E+02 0.000000000000000000E+00
 0.100000E+00 0.979486190567306902E+00 0.144661583623120951E+02 0.000000000000000000E+00
 0.150000E+00 0.975362850410106064E+00 0.133791200201449261E+02 0.000000000000000000E+00
 0.200000E+00 0.971541342986401490E+00 0.123892377847608497E+02 0.000000000000000000E+00
 0.250000E+00 0.968000769516380144E+00 0.115413175640340970E+02 0.000000000000000000E+00
 0.300000E+00 0.964711215768789376E+00 0.107753977989229917E+02 0.000000000000000000E+00
 0.350000E+00 0.961635432934944467E+00 0.101489416335633553E+02 0.000000000000000000E+00
 0.400000E+00 0.958719257402831593E+00 0.969477901588889601E+01 0.000000000000000000E+00
 0.450000E+00 0.955917415616650445E+00 0.938256513657261593E+01 0.000000000000000000E+00
 0.500000E+00 0.953193384613787775E+00 0.917492188235174311E+01 0.000000000000000000E+00
 0.550000E+00 0.950530196501452540E+00 0.896736257002197767E+01 0.000000000000000000E+00
 0.600000E+00 0.947949793647213546E+00 0.868438586431348369E+01 0.000000000000000000E+00
 0.650000E+00 0.945463244414949666E+00 0.842177228098058528E+01 0.000000000000000000E+00
 0.700000E+00 0.943026052940041826E+00 0.827694265293016862E+01 0.000000000000000000E+00
 0.750000E+00 0.940608833763161734E+00 0.818867038070276010E+01 0.000000000000000000E+00
 0.800000E+00 0.938222230453274686E+00 0.806694020664114220E+01 0.000000000000000000E+00
 0.850000E+00 0.935871775529612981E+00 0.796218174698885672E+01 0.000000000000000000E+00
 0.900000E+00 0.933541211804746363E+00 0.791160677138487145E+01 0.000000000000000000E+00
 0.950000E+00 0.931222961435578700E+00 0.783692856865914500E+01 0.000000000000000000E+00
 0.000000E+00 0.100000000021310864E+01 0.313938703912781421E+02 0.000000000000000000E+00
 0.500000E-01 0.983960141006750444E+00 0.159907110489370528E+02 0.000000000000000000E+00
 0.100000E+00 0.979486190567306902E+00 0.144661583623120951E+02 0.000000000000000000E+00
 0.150000E+00 0.975362850410106064E+00 0.133791200201449261E+02 0.000000000000000000E+00
 0.200000E+00 0.971541342986401490E+00 0.123892377847608497E+02 0.000000000000000000E+00
 0.250000E+00 0.968000769516380144E+00 0.115413175640340970E+02 0.000000000000000000E+00
 0.300000E+00 0.964711215768789376E+00 0.107753977989229917E+02 0.000000000000000000E+00
 0.350000E+00 0.961635432934944467E+00 0.101489416335633553E+02 0.000000000000000000E+00
 0.400000E+00 0.958719257402831593E+00 0.969477901588889601E+01 0.000000000000000000E+00
 0.450000E+00 0.955917415616650445E+00 0.938256513657261593E+01 0.000000000000000000E+00
 0.500000E+00 0.953193384613787775E+00 0.917492188235174311E+01 0.000000000000000000E+00
 0.550000E+00 0.950530196501452540E+00 0.896736257002197767E+01 0.000000000000000000E+00
 0.600000E+00 0.947949793647213546E+00 0.868438586431348369E+01 0.000000000000000000E+00
 0.650000E+00 0.945463244414949666E+00 0.842177228098058528E+01 0.000000000000000000E+00
 0.700000E+00 0.943026052940041826E+00 0.827694265293016862E+01 0.000000000000000000E+00
 0.750000E+00 0.940608833763161734E+00 0.818867038070276010E+01 0.000000000000000000E+00
 0.800000E+00 0.938222230453274686E+00 0.806694020664114220E+01 0.000000000000000000E+00
 0.850000E+00 0.935871775529612981E+00 0.796218174698885672E+01 0.000000000000000000E+00
 0.900000E+00 0.933541211804746363E+00 0.791160677138487145E+01 0.000000000000000000E+00
 0.950000E+00 0.931222961435578700E+00 0.783692856865914500E+01 0.000000000000000000E+00
 0.100000E+01 0.928927829664158433E+00 0.773340044459526599E+01 0.000000000000000000E+00
