 0.000000E+00 -0.259324231864098E+01
 0.100000E+01  0.000000000000000E+00
 0.200000E+01  0.259324279463028E+01
 0.300000E+01  0.000000000000000E+00
 0.400000E+01 -0.619826059174997E-08
 0.500000E+01 -0.244993046244297E-15
 0.600000E+01 -0.803487967532251E-15
 0.700000E+01 -0.448181346509503E-16
 0.800000E+01  0.137677199161715E-14
 0.900000E+01  0.000000000000000E+00
 0.100000E+02 -0.907803588112390E-15
 0.110000E+02  0.119693220089913E-15
 0.120000E+02  0.174224969309955E-14
 0.130000E+02 -0.344719225252810E-15
 0.140000E+02 -0.123450665732283E-14
 0.150000E+02 -0.400746273425358E-16
 0.160000E+02 -0.273600044051731E-15
 0.170000E+02 -0.198599945870790E-15
 0.180000E+02  0.334964366754028E-16
 0.190000E+02 -0.403003185861194E-15
 0.200000E+02 -0.215701096045323E-14
 0.210000E+02  0.328521065166257E-17
 0.220000E+02 -0.322158227766316E-14
 0.230000E+02  0.428404127501358E-15
 0.240000E+02  0.133456377499405E-14
 0.250000E+02 -0.405753781897417E-15
 0.260000E+02 -0.163542957881775E-14
 0.270000E+02 -0.475169608828536E-15
 0.280000E+02  0.213094873185766E-15
 0.290000E+02  0.780776684885934E-16
 0.300000E+02 -0.512498742652801E-15
 0.310000E+02 -0.455827755933591E-15
 0.320000E+02  0.277351672350983E-14
 0.330000E+02  0.160389594644344E-16
 0.340000E+02  0.666581799554879E-15
 0.350000E+02  0.356366269166710E-15
 0.360000E+02  0.130784529459049E-15
 0.370000E+02 -0.343208539732637E-15
 0.380000E+02  0.312174215939138E-14
 0.390000E+02  0.392012931739089E-15
 0.400000E+02 -0.178622027530673E-14
 0.410000E+02 -0.337703954516095E-15
 0.420000E+02 -0.253155422384221E-15
 0.430000E+02  0.117305137200060E-15
 0.440000E+02  0.612188880384651E-15
 0.450000E+02 -0.525856759512157E-15
 0.460000E+02 -0.496694014236280E-14
 0.470000E+02  0.625759508966632E-16
 0.480000E+02 -0.249235073280353E-14
 0.490000E+02  0.326760327069846E-16
 0.500000E+02  0.532994206414059E-14
 0.510000E+02 -0.715231941764714E-15
 0.520000E+02 -0.825852897619148E-15
 0.530000E+02  0.246513825066838E-15
 0.540000E+02 -0.155760981876617E-14
 0.550000E+02  0.216148454325194E-15
 0.560000E+02  0.384959387474878E-16
 0.570000E+02  0.245895339698408E-15
 0.580000E+02 -0.311017419743933E-14
 0.590000E+02  0.317130296031862E-15
 0.600000E+02  0.203087736643183E-14
 0.610000E+02 -0.919847536003594E-15
 0.620000E+02  0.158720691276510E-14
 0.630000E+02 -0.137824264173317E-15
 0.640000E+02 -0.306063170720302E-14
