 0.000000E+00 -0.189708522577940E-01 -0.948542503080961E-02 -0.948542722698435E-02
 0.100000E+01 -0.477868348895556E-01 -0.374693723803453E-01 -0.103174625092104E-01
 0.200000E+01 -0.681455058588296E-01 -0.665779317044609E-01 -0.156757415436877E-02
 0.300000E+01 -0.634871184332134E-01 -0.634867670869859E-01 -0.351346227473871E-06
 0.400000E+01 -0.230410597400133E-01 -0.228749341536077E-01 -0.166125586405553E-03
 0.500000E+01  0.140108378793900E-02  0.146849543035129E-02 -0.674116424122957E-04
 0.600000E+01 -0.659486887270857E-02 -0.659475413306183E-02 -0.114739646746602E-06
 0.700000E+01 -0.638101185854470E-02 -0.635987400362455E-02 -0.211378549201482E-04
 0.800000E+01  0.154923357680049E-02  0.156019622259744E-02 -0.109626457969499E-04
 0.900000E+01 -0.282138990743243E-02 -0.282133547329739E-02 -0.544341350334189E-07
 0.100000E+02 -0.344252896468229E-02 -0.343706691249527E-02 -0.546205218702763E-05
 0.110000E+02  0.142041210441423E-02  0.142349719999533E-02 -0.308509558109317E-05
 0.120000E+02 -0.171518149083537E-02 -0.171514987425647E-02 -0.316165788969080E-07
 0.130000E+02 -0.228552487964061E-02 -0.228350987105756E-02 -0.201500858304987E-05
 0.140000E+02  0.128324824642770E-02  0.128441464015533E-02 -0.116639372764068E-05
 0.150000E+02 -0.123849912841359E-02 -0.123847839507060E-02 -0.207333429835289E-07
 0.160000E+02 -0.167807786096541E-02 -0.167715787376833E-02 -0.919987197070948E-06
 0.170000E+02  0.116885821366037E-02  0.116938829842476E-02 -0.530084764383643E-06
 0.180000E+02 -0.991224650074107E-03 -0.991209914640565E-03 -0.147354335417489E-07
 0.190000E+02 -0.130658059093099E-02 -0.130609641869129E-02 -0.484172239701172E-06
 0.200000E+02  0.107743395724605E-02  0.107770712377629E-02 -0.273166530234175E-06
 0.210000E+02 -0.848684382229507E-03 -0.848673285117857E-03 -0.110971116511561E-07
 0.220000E+02 -0.105653446230013E-02 -0.105625238515009E-02 -0.282077150044508E-06
 0.230000E+02  0.100489082146157E-02  0.100504505829632E-02 -0.154236834751293E-06
 0.240000E+02 -0.761400735834413E-03 -0.761392010353233E-03 -0.872548117976611E-08
 0.250000E+02 -0.876634523911408E-03 -0.876457108990153E-03 -0.177414921254594E-06
 0.260000E+02  0.947341390883814E-03  0.947434765104318E-03 -0.933742205027757E-07
 0.270000E+02 -0.706487401652641E-03 -0.706480301126541E-03 -0.710052610008187E-08
 0.280000E+02 -0.740567151085425E-03 -0.740448643614440E-03 -0.118507470985103E-06
 0.290000E+02  0.901759473719162E-03  0.901819185665547E-03 -0.597119463862080E-07
 0.300000E+02 -0.672187269532076E-03 -0.672181326938432E-03 -0.594259364436524E-08
 0.310000E+02 -0.633445473655384E-03 -0.633362395885316E-03 -0.830777700675496E-07
 0.320000E+02  0.865879596766630E-03  0.865919517978194E-03 -0.399212115646912E-07
 0.330000E+02 -0.652020051420025E-03 -0.652014956705248E-03 -0.509471477706821E-08
 0.340000E+02 -0.546210060957877E-03 -0.546149421014758E-03 -0.606399431196977E-07
 0.350000E+02  0.838054153320952E-03  0.838081844472069E-03 -0.276911511148837E-07
 0.360000E+02 -0.642196551392339E-03 -0.642192100191041E-03 -0.445120129807383E-08
 0.370000E+02 -0.473016124874449E-03 -0.472970334039527E-03 -0.457908349219439E-07
 0.380000E+02  0.817080105728827E-03  0.817099919015119E-03 -0.198132862931609E-07
 0.390000E+02 -0.640465269802762E-03 -0.640461308281998E-03 -0.396152076480647E-08
 0.400000E+02 -0.409865732943581E-03 -0.409830134791000E-03 -0.355981525803271E-07
 0.410000E+02  0.802089961274984E-03  0.802104518610580E-03 -0.145573355962785E-07
 0.420000E+02 -0.645471078068721E-03 -0.645467496855230E-03 -0.358121349155247E-08
 0.430000E+02 -0.353896978694903E-03 -0.353868581647305E-03 -0.283970475975988E-07
 0.440000E+02  0.792472660572596E-03  0.792483606643965E-03 -0.109460713689373E-07
 0.450000E+02 -0.656439785445687E-03 -0.656436502003850E-03 -0.328344183714177E-08
 0.460000E+02 -0.302962221275884E-03 -0.302939040042433E-03 -0.231812334510776E-07
 0.470000E+02  0.787828050629077E-03  0.787836448587133E-03 -0.839795805546094E-08
 0.480000E+02 -0.672983658626885E-03 -0.672980607967071E-03 -0.305065981339058E-08
 0.490000E+02 -0.255351084969962E-03 -0.255331779155044E-03 -0.193058149175071E-07
 0.500000E+02  0.787910549078800E-03  0.787917110867819E-03 -0.656178901802902E-08
 0.510000E+02 -0.695029918257103E-03 -0.695027048808998E-03 -0.286944810732486E-08
 0.520000E+02 -0.209644696393974E-03 -0.209628307653171E-03 -0.163887408034571E-07
 0.530000E+02  0.792655297082430E-03  0.792660504631489E-03 -0.520754905964879E-08
 0.540000E+02 -0.722732389962734E-03 -0.722729657910819E-03 -0.273205191344160E-08
 0.550000E+02 -0.164558251655935E-03 -0.164544094542054E-03 -0.141571138815907E-07
 0.560000E+02  0.802095258056983E-03  0.802099451604446E-03 -0.419354746370385E-08
 0.570000E+02 -0.756479315734556E-03 -0.756476687466932E-03 -0.262826762547830E-08
 0.580000E+02 -0.118859761554808E-03 -0.118847339330153E-03 -0.124222246538877E-07
 0.590000E+02  0.816445697920221E-03  0.816449117777941E-03 -0.341985772069585E-08
 0.600000E+02 -0.796855563140867E-03 -0.796853008723479E-03 -0.255441738914346E-08
 0.610000E+02 -0.712994516663285E-04 -0.712883877504951E-04 -0.110639158335636E-07
 0.620000E+02  0.836028595321819E-03  0.836031425711731E-03 -0.283038991222288E-08
 0.630000E+02 -0.844722537304221E-03 -0.844720025028885E-03 -0.251227533565679E-08
 0.640000E+02 -0.756343715853233E-02 -0.755974767119826E-02 -0.368948733407900E-05
