 0.000000E+00  0.937798987247334E-01  0.161211797967553E-02  0.161193718668073E-02
 0.100000E+01  0.000000000000000E+00  0.000000000000000E+00  0.000000000000000E+00
 0.200000E+01  0.406220101265404E+00  0.682322727516294E-01  0.682322746142745E-01
 0.300000E+01  0.000000000000000E+00  0.000000000000000E+00  0.000000000000000E+00
 0.400000E+01  0.129720759847164E-16  0.329127060283712E-19  0.332424100902986E-19
 0.500000E+01  0.104014495915090E-17  0.260009069329244E-20  0.262046175768144E-21
 0.600000E+01  0.494705284286942E-16  0.850029275303146E-17  0.268190758004446E-17
 0.700000E+01  0.313514475230672E-17  0.789181644705478E-20  0.191116683758428E-19
 0.800000E+01  0.141952823357574E-16  0.245107221772355E-19  0.520020896516213E-19
 0.900000E+01  0.000000000000000E+00  0.000000000000000E+00  0.000000000000000E+00
 0.100000E+02  0.380589701551530E-16  0.252871558234018E-17  0.188630548410224E-17
 0.110000E+02  0.420316188149062E-17  0.109592871580692E-19  0.679319805824223E-20
 0.120000E+02  0.173279881392138E-16  0.559572515228005E-19  0.720694658698159E-19
 0.130000E+02  0.255419529385547E-17  0.561735309612756E-20  0.782925641987874E-20
 0.140000E+02  0.754416737844565E-16  0.777245001895798E-17  0.948104397550251E-17
 0.150000E+02  0.393062122075903E-17  0.599379812594420E-20  0.562835614617738E-20
 0.160000E+02  0.281505397532946E-16  0.597255926091692E-19  0.510312637463771E-19
 0.170000E+02  0.612021526081650E-17  0.150858732055639E-19  0.294730675418553E-19
 0.180000E+02  0.108115038439178E-15  0.127405867388161E-16  0.139385375763912E-16
 0.190000E+02  0.322667330503498E-17  0.117364566145603E-19  0.239887857762423E-19
 0.200000E+02  0.188026755474960E-16  0.469981305047887E-19  0.384033277996596E-19
 0.210000E+02  0.702751515607149E-17  0.316378170710283E-19  0.481595863820903E-19
 0.220000E+02  0.551030375553604E-16  0.949907384025538E-17  0.132788485990772E-17
 0.230000E+02  0.354795619711674E-17  0.142866784244329E-19  0.174212395718694E-19
 0.240000E+02  0.234689156726733E-16  0.297125451691647E-19  0.105665711823024E-18
 0.250000E+02  0.610657397792917E-17  0.214886055472191E-19  0.365338820962668E-19
 0.260000E+02  0.607286471673695E-16  0.729458896363806E-17  0.595006632758429E-17
 0.270000E+02  0.857236857269545E-17  0.376907131092731E-19  0.450965811010602E-19
 0.280000E+02  0.174181643278303E-16  0.381355319922511E-19  0.638410717191548E-19
 0.290000E+02  0.631140639778012E-17  0.224892592760713E-19  0.207446389748606E-19
 0.300000E+02  0.122678443753244E-15  0.190594983422830E-16  0.138277613982513E-16
 0.310000E+02  0.920588530076580E-17  0.446456788122930E-19  0.801499469536065E-19
 0.320000E+02  0.469394230271449E-16  0.541424162301845E-19  0.183969927893390E-18
 0.330000E+02  0.447312312159802E-17  0.245048918719458E-19  0.166670963205051E-19
 0.340000E+02  0.128912969388093E-15  0.158390390632885E-16  0.138597456646913E-16
 0.350000E+02  0.787804649177462E-17  0.327500182814772E-19  0.341312292237390E-19
 0.360000E+02  0.275051735228174E-16  0.109545099628398E-18  0.103538479201698E-18
 0.370000E+02  0.742453848973260E-17  0.982315713474838E-20  0.217191099765922E-19
 0.380000E+02  0.589269594990983E-16  0.617607282578215E-17  0.496827378852863E-17
 0.390000E+02  0.715623209161296E-17  0.315078043656580E-19  0.383110267058260E-19
 0.400000E+02  0.205704937437747E-16  0.374614189457649E-19  0.880226186631479E-19
 0.410000E+02  0.110381693914137E-16  0.445353209865839E-19  0.572112440217697E-19
 0.420000E+02  0.787326500881391E-16  0.756168908191279E-17  0.932702259946258E-17
 0.430000E+02  0.119947156599125E-16  0.493844564651561E-19  0.560579777386655E-19
 0.440000E+02  0.227103304894646E-16  0.743711221605751E-19  0.689838322991019E-19
 0.450000E+02  0.863301675457067E-17  0.251311711494195E-19  0.319294523306247E-19
 0.460000E+02  0.815817474905545E-16  0.925272896456978E-17  0.613822572643130E-17
 0.470000E+02  0.895242408636663E-17  0.396761714898074E-19  0.442724158038072E-19
 0.480000E+02  0.341305770757589E-16  0.521065339039265E-19  0.118036683306158E-18
 0.490000E+02  0.977822109424036E-17  0.560243737724051E-19  0.425469814839275E-19
 0.500000E+02  0.826646510342590E-16  0.517680146994448E-17  0.696291915042746E-17
 0.510000E+02  0.111553733580617E-16  0.602170697590146E-19  0.566780719866258E-19
 0.520000E+02  0.298106024006774E-16  0.106065177814804E-18  0.951716318118565E-19
 0.530000E+02  0.114267263911693E-16  0.513875170179163E-19  0.499080351002157E-19
 0.540000E+02  0.103978781267822E-15  0.107502620774624E-16  0.138036031825609E-16
 0.550000E+02  0.136639926548554E-16  0.666604048124823E-19  0.866141622945882E-19
 0.560000E+02  0.354777478205934E-16  0.781752163610052E-19  0.187683964617036E-18
 0.570000E+02  0.112932687219787E-16  0.567000549686636E-19  0.589243531920797E-19
 0.580000E+02  0.371217405601400E-16  0.152939495777697E-17  0.149233433943660E-17
 0.590000E+02  0.128191118780487E-16  0.399904812989265E-19  0.538482951467149E-19
 0.600000E+02  0.283430425814650E-16  0.111561195309290E-18  0.746082086680448E-19
 0.610000E+02  0.114164548690372E-16  0.399368094858988E-19  0.425819617694983E-19
 0.620000E+02  0.964200265104208E-16  0.132296188257864E-16  0.618752147867466E-17
 0.630000E+02  0.914868660999301E-17  0.367658064929200E-19  0.468789270649979E-19
 0.640000E+02  0.163659533426212E-15  0.227839303742688E-18  0.679576480377874E-18
