 0.100000E+01  0.187803599983454E-01
 0.200000E+01  0.357835453469306E+00
 0.300000E+01  0.690041263587773E-01
 0.400000E+01  0.163676703505473E-01
 0.500000E+01  0.746896778582595E-02
 0.600000E+01  0.220709403487266E-02
 0.700000E+01  0.469019039883278E-02
 0.800000E+01  0.291079672024353E-02
 0.900000E+01  0.862104494501637E-03
 0.100000E+02  0.228564452118009E-02
 0.110000E+02  0.153265302651562E-02
 0.120000E+02  0.473318403237502E-03
 0.130000E+02  0.137442714549252E-02
 0.140000E+02  0.942239134019521E-03
 0.150000E+02  0.305873793934101E-03
 0.160000E+02  0.930450980376923E-03
 0.170000E+02  0.637282739262447E-03
 0.180000E+02  0.218211562071324E-03
 0.190000E+02  0.680454340908914E-03
 0.200000E+02  0.460098681287495E-03
 0.210000E+02  0.166604643027317E-03
 0.220000E+02  0.525690862559748E-03
 0.230000E+02  0.348458434928039E-03
 0.240000E+02  0.133762641837625E-03
 0.250000E+02  0.423275431785446E-03
 0.260000E+02  0.273824432952141E-03
 0.270000E+02  0.111695054556557E-03
 0.280000E+02  0.352097502400290E-03
 0.290000E+02  0.221632115426480E-03
 0.300000E+02  0.962863859968923E-04
 0.310000E+02  0.300770739613663E-03
 0.320000E+02  0.183826309694278E-03
 0.330000E+02  0.852408246032720E-04
 0.340000E+02  0.262709771959727E-03
 0.350000E+02  0.155664288740820E-03
 0.360000E+02  0.771981302705313E-04
 0.370000E+02  0.233892097639920E-03
 0.380000E+02  0.134210264604961E-03
 0.390000E+02  0.713135383421251E-04
 0.400000E+02  0.211750825201320E-03
 0.410000E+02  0.117570681140947E-03
 0.420000E+02  0.670440696240521E-04
 0.430000E+02  0.194589870716316E-03
 0.440000E+02  0.104482524875511E-03
 0.450000E+02  0.640325150698298E-04
 0.460000E+02  0.181257692929706E-03
 0.470000E+02  0.940797401654179E-04
 0.480000E+02  0.620414413106305E-04
 0.490000E+02  0.170957119507892E-03
 0.500000E+02  0.857547838677996E-04
 0.510000E+02  0.609143382917162E-04
 0.520000E+02  0.163129411134854E-03
 0.530000E+02  0.790737408351741E-04
 0.540000E+02  0.605523455306883E-04
 0.550000E+02  0.157383981672889E-03
 0.560000E+02  0.737231143830517E-04
 0.570000E+02  0.609003107001860E-04
 0.580000E+02  0.153451980963867E-03
 0.590000E+02  0.694753350672071E-04
 0.600000E+02  0.619385643858765E-04
 0.610000E+02  0.151158418816542E-03
 0.620000E+02  0.661660847072990E-04
 0.630000E+02  0.636793911326349E-04
 0.640000E+02  0.752651312723514E-04
 0.650000E+02  0.387619961111719E-16
