 0.000000E+00 -0.918499016323831E-01
 0.100000E+01  0.000000000000000E+00
 0.200000E+01  0.918499531168251E-01
 0.300000E+01  0.000000000000000E+00
 0.400000E+01 -0.357947594226100E-10
 0.500000E+01 -0.196954502041473E-19
 0.600000E+01 -0.133087567944863E-16
 0.700000E+01 -0.301486129217657E-18
 0.800000E+01  0.218377528846223E-16
 0.900000E+01  0.000000000000000E+00
 0.100000E+02 -0.110729953277048E-16
 0.110000E+02 -0.125704062781326E-17
 0.120000E+02  0.221994199368962E-16
 0.130000E+02 -0.585473758325806E-17
 0.140000E+02 -0.364221378770470E-16
 0.150000E+02 -0.516978959218272E-17
 0.160000E+02  0.205856869910215E-16
 0.170000E+02  0.133549028761895E-16
 0.180000E+02  0.512660706253226E-16
 0.190000E+02 -0.560601823191794E-17
 0.200000E+02  0.128400588721693E-16
 0.210000E+02 -0.212022704545833E-16
 0.220000E+02 -0.518623602338174E-16
 0.230000E+02 -0.194647741947990E-16
 0.240000E+02  0.355538732296404E-16
 0.250000E+02 -0.107818659283587E-16
 0.260000E+02  0.643404784250051E-16
 0.270000E+02 -0.342836549631846E-17
 0.280000E+02  0.827712576978211E-17
 0.290000E+02  0.768797445456354E-17
 0.300000E+02  0.654232323830440E-16
 0.310000E+02 -0.423892009012187E-17
 0.320000E+02  0.172149879678792E-16
 0.330000E+02 -0.757319135103517E-17
 0.340000E+02  0.322384870558515E-17
 0.350000E+02  0.669823606817363E-17
 0.360000E+02  0.461434008901655E-16
 0.370000E+02 -0.139459769275222E-16
 0.380000E+02  0.992705820872870E-17
 0.390000E+02  0.903551733203425E-17
 0.400000E+02  0.505682848115747E-16
 0.410000E+02  0.292397464173858E-17
 0.420000E+02 -0.498257052447010E-16
 0.430000E+02  0.240761238558759E-18
 0.440000E+02 -0.331910021151327E-16
 0.450000E+02  0.293134535008199E-16
 0.460000E+02  0.290273278654870E-16
 0.470000E+02 -0.160100750055530E-16
 0.480000E+02 -0.310290591842739E-16
 0.490000E+02  0.167538734444266E-16
 0.500000E+02  0.296318537617375E-16
 0.510000E+02 -0.816623585307228E-17
 0.520000E+02 -0.182599993537101E-16
 0.530000E+02  0.207022303761791E-16
 0.540000E+02  0.169073627836014E-15
 0.550000E+02 -0.889745725088946E-17
 0.560000E+02 -0.102299968799430E-15
 0.570000E+02 -0.463827331839298E-17
 0.580000E+02  0.164974966805711E-17
 0.590000E+02 -0.125632257407899E-17
 0.600000E+02 -0.239740129980266E-16
 0.610000E+02 -0.232687070829702E-18
 0.620000E+02  0.724046235880708E-16
 0.630000E+02  0.135627316231546E-16
 0.640000E+02  0.264610010530947E-15
