 0.100000E+01 -0.408922951372315E-01
 0.200000E+01  0.244112998543350E-01
 0.300000E+01  0.449832825785864E-01
 0.400000E+01 -0.638001264974997E-02
 0.500000E+01 -0.908477445726866E-02
 0.600000E+01 -0.321981782546628E-03
 0.700000E+01  0.355423187383779E-03
 0.800000E+01 -0.415072527995356E-02
 0.900000E+01  0.622865157361014E-04
 0.100000E+02  0.729476947224303E-03
 0.110000E+02 -0.263428450799005E-02
 0.120000E+02  0.192846125301900E-03
 0.130000E+02  0.702658784786620E-03
 0.140000E+02 -0.193816368802885E-02
 0.150000E+02  0.255156918323722E-03
 0.160000E+02  0.625918096266509E-03
 0.170000E+02 -0.154602915502179E-02
 0.180000E+02  0.291777378960871E-03
 0.190000E+02  0.550275287797015E-03
 0.200000E+02 -0.129732256154938E-02
 0.210000E+02  0.316981237962174E-03
 0.220000E+02  0.484105480117615E-03
 0.230000E+02 -0.112714638053712E-02
 0.240000E+02  0.336708815240060E-03
 0.250000E+02  0.427517434521775E-03
 0.260000E+02 -0.100451485462468E-02
 0.270000E+02  0.353818288970911E-03
 0.280000E+02  0.378998357600549E-03
 0.290000E+02 -0.912835453491963E-03
 0.300000E+02  0.369839438188802E-03
 0.310000E+02  0.336910868301841E-03
 0.320000E+02 -0.842431872835679E-03
 0.330000E+02  0.385671820314949E-03
 0.340000E+02  0.299821846406024E-03
 0.350000E+02 -0.787281444146658E-03
 0.360000E+02  0.401860266024855E-03
 0.370000E+02  0.266505875480723E-03
 0.380000E+02 -0.743417778477862E-03
 0.390000E+02  0.418727999406506E-03
 0.400000E+02  0.235892499167202E-03
 0.410000E+02 -0.708078627242772E-03
 0.420000E+02  0.436399118686887E-03
 0.430000E+02  0.206960120699225E-03
 0.440000E+02 -0.679217177435892E-03
 0.450000E+02  0.454730141892394E-03
 0.460000E+02  0.178572194100725E-03
 0.470000E+02 -0.655153801037327E-03
 0.480000E+02  0.473072314354151E-03
 0.490000E+02  0.149148273753493E-03
 0.500000E+02 -0.634290928007235E-03
 0.510000E+02  0.489608582423584E-03
 0.520000E+02  0.115789797664765E-03
 0.530000E+02 -0.614737274626983E-03
 0.540000E+02  0.499208050521443E-03
 0.550000E+02  0.713215218739588E-04
 0.560000E+02 -0.593843002170875E-03
 0.570000E+02  0.484403183744914E-03
 0.580000E+02 -0.946414599894351E-05
 0.590000E+02 -0.570988485281662E-03
 0.600000E+02  0.352224058972947E-03
 0.610000E+02 -0.278205540704181E-03
 0.620000E+02 -0.719966285362988E-03
 0.630000E+02 -0.144754749430374E-02
 0.640000E+02 -0.151050722546508E-02
 0.650000E+02 -0.153828127488802E-16
