 0.000000E+00 0.470230E+02
 0.500000E-01 0.411172E+02
 0.100000E+00 0.377173E+02
 0.150000E+00 0.359975E+02
 0.200000E+00 0.324392E+02
 0.250000E+00 0.296763E+02
 0.300000E+00 0.263785E+02
 0.350000E+00 0.234795E+02
 0.400000E+00 0.222669E+02
 0.450000E+00 0.223246E+02
 0.500000E+00 0.224871E+02
 0.550000E+00 0.211846E+02
 0.600000E+00 0.183871E+02
 0.650000E+00 0.169454E+02
 0.700000E+00 0.161325E+02
 0.750000E+00 0.159282E+02
 0.800000E+00 0.161135E+02
 0.850000E+00 0.149249E+02
 0.900000E+00 0.155150E+02
 0.950000E+00 0.158809E+02
 0.000000E+00 0.470230E+02
 0.500000E-01 0.411172E+02
 0.100000E+00 0.377173E+02
 0.150000E+00 0.359975E+02
 0.200000E+00 0.324392E+02
 0.250000E+00 0.296763E+02
 0.300000E+00 0.263785E+02
 0.350000E+00 0.234795E+02
 0.400000E+00 0.222669E+02
 0.450000E+00 0.223246E+02
 0.500000E+00 0.224871E+02
 0.550000E+00 0.211846E+02
 0.600000E+00 0.183871E+02
 0.650000E+00 0.169454E+02
 0.700000E+00 0.161325E+02
 0.750000E+00 0.159282E+02
 0.800000E+00 0.161135E+02
 0.850000E+00 0.149249E+02
 0.900000E+00 0.155150E+02
 0.950000E+00 0.158809E+02
 0.100000E+01 0.152141E+02
