 0.000000E+00 0.100000000021310864E+01 0.313938703912781421E+02 0.000000000000000000E+00
 0.100000E-01 0.987939152348547234E+00 0.180755766612231987E+02 0.000000000000000000E+00
 0.200000E-01 0.986873310259180569E+00 0.174622320330388803E+02 0.000000000000000000E+00
 0.300000E-01 0.985842398531534325E+00 0.169115298981625983E+02 0.000000000000000000E+00
 0.400000E-01 0.984842728086779085E+00 0.164210023674349195E+02 0.000000000000000000E+00
 0.500000E-01 0.983870735980992062E+00 0.159869282069010588E+02 0.000000000000000000E+00
 0.600000E-01 0.982923147864487090E+00 0.156042490072724434E+02 0.000000000000000000E+00
 0.700000E-01 0.981997041974268181E+00 0.152666782416725511E+02 0.000000000000000000E+00
 0.800000E-01 0.981090051109016703E+00 0.149670151160812104E+02 0.000000000000000000E+00
 0.900000E-01 0.980200025176095169E+00 0.146976211850949650E+02 0.000000000000000000E+00
 0.100000E+00 0.979325396804139880E+00 0.144509783133139962E+02 0.000000000000000000E+00
 0.110000E+00 0.978465082177671919E+00 0.142202268203329361E+02 0.000000000000000000E+00
 0.120000E+00 0.977618271730612109E+00 0.139996238336182195E+02 0.000000000000000000E+00
 0.130000E+00 0.976784490029264596E+00 0.137848895954247634E+02 0.000000000000000000E+00
 0.140000E+00 0.975963413315246830E+00 0.135733905681777891E+02 0.000000000000000000E+00
 0.150000E+00 0.975155054649478381E+00 0.133640905779424877E+02 0.000000000000000000E+00
 0.160000E+00 0.974359109598111672E+00 0.131572557490839870E+02 0.000000000000000000E+00
 0.170000E+00 0.973575447413356665E+00 0.129539851586975292E+02 0.000000000000000000E+00
 0.180000E+00 0.972803979839516830E+00 0.127556747165530950E+02 0.000000000000000000E+00
 0.190000E+00 0.972044176960091821E+00 0.125635300842050661E+02 0.000000000000000000E+00
 0.200000E+00 0.971295763346418539E+00 0.123782194173795013E+02 0.000000000000000000E+00
