 0.100000E+01 -0.208950426485277E-02
 0.200000E+01  0.139315791006999E-01
 0.300000E+01  0.153917694655452E+00
 0.400000E+01 -0.153880486304105E-01
 0.500000E+01  0.612940050175155E-01
 0.600000E+01 -0.625208794380769E-01
 0.700000E+01  0.125961511355138E-01
 0.800000E+01  0.439176878446388E-01
 0.900000E+01 -0.623312342593194E-01
 0.100000E+02  0.218234733171657E-01
 0.110000E+02  0.350648693606773E-01
 0.120000E+02 -0.624757436973388E-01
 0.130000E+02  0.279600418487612E-01
 0.140000E+02  0.290410102342464E-01
 0.150000E+02 -0.626968090586874E-01
 0.160000E+02  0.328616772359264E-01
 0.170000E+02  0.242308026686578E-01
 0.180000E+02 -0.629771948666406E-01
 0.190000E+02  0.371841853812706E-01
 0.200000E+02  0.200092189358414E-01
 0.210000E+02 -0.633154354155093E-01
 0.220000E+02  0.412313776726976E-01
 0.230000E+02  0.160736794448832E-01
 0.240000E+02 -0.637097462789444E-01
 0.250000E+02  0.451697403854635E-01
 0.260000E+02  0.122503772728465E-01
 0.270000E+02 -0.641562626713846E-01
 0.280000E+02  0.491019721705449E-01
 0.290000E+02  0.842407058927043E-02
 0.300000E+02 -0.646485395129398E-01
 0.310000E+02  0.530968745409945E-01
 0.320000E+02  0.450822133454546E-02
 0.330000E+02 -0.651769066175888E-01
 0.340000E+02  0.572020713507908E-01
 0.350000E+02  0.430880767284696E-03
 0.360000E+02 -0.657273243236571E-01
 0.370000E+02  0.614480804669668E-01
 0.380000E+02 -0.387176712838932E-02
 0.390000E+02 -0.662788254233189E-01
 0.400000E+02  0.658463265603679E-01
 0.410000E+02 -0.845765380285979E-02
 0.420000E+02 -0.667996584857087E-01
 0.430000E+02  0.703798801470114E-01
 0.440000E+02 -0.133767996716552E-01
 0.450000E+02 -0.672397364135726E-01
 0.460000E+02  0.749812942488745E-01
 0.470000E+02 -0.186609748184335E-01
 0.480000E+02 -0.675156547587175E-01
 0.490000E+02  0.794812976324174E-01
 0.500000E+02 -0.242964650784945E-01
 0.510000E+02 -0.674771233935148E-01
 0.520000E+02  0.834834868691217E-01
 0.530000E+02 -0.301463384246316E-01
 0.540000E+02 -0.668224319389304E-01
 0.550000E+02  0.860070335519547E-01
 0.560000E+02 -0.357069300317155E-01
 0.570000E+02 -0.648554559555082E-01
 0.580000E+02  0.842155288332102E-01
 0.590000E+02 -0.392010718769656E-01
 0.600000E+02 -0.598876239948360E-01
 0.610000E+02  0.667299078783670E-01
 0.620000E+02 -0.376410261926054E-01
 0.630000E+02 -0.716713806166092E-01
 0.640000E+02  0.532265183788766E-01
 0.650000E+02  0.230316617660425E-14
