 0.000000E+00 -0.522911478778726E-01
 0.100000E+01  0.113588781333583E+00
 0.200000E+01  0.174342388201774E+00
 0.300000E+01 -0.741158752649488E-01
 0.400000E+01 -0.111524255377408E-01
 0.500000E+01  0.612940049913739E-01
 0.600000E+01 -0.625208793622472E-01
 0.700000E+01  0.125961511437575E-01
 0.800000E+01  0.439176877753301E-01
 0.900000E+01 -0.623312342090648E-01
 0.100000E+02  0.218234734505379E-01
 0.110000E+02  0.350648693256366E-01
 0.120000E+02 -0.624757436850671E-01
 0.130000E+02  0.279600420187847E-01
 0.140000E+02  0.290410101086887E-01
 0.150000E+02 -0.626968094618479E-01
 0.160000E+02  0.328616774512307E-01
 0.170000E+02  0.242308026686576E-01
 0.180000E+02 -0.629771948666406E-01
 0.190000E+02  0.371841853812698E-01
 0.200000E+02  0.200092189358403E-01
 0.210000E+02 -0.633154354155104E-01
 0.220000E+02  0.412313776726971E-01
 0.230000E+02  0.160736794448835E-01
 0.240000E+02 -0.637097462789436E-01
 0.250000E+02  0.451697403854640E-01
 0.260000E+02  0.122503772728470E-01
 0.270000E+02 -0.641562626713824E-01
 0.280000E+02  0.491019721705477E-01
 0.290000E+02  0.842407058927184E-02
 0.300000E+02 -0.646485395129382E-01
 0.310000E+02  0.530968745409958E-01
 0.320000E+02  0.450822133454571E-02
 0.330000E+02 -0.651769066175892E-01
 0.340000E+02  0.572020713507927E-01
 0.350000E+02  0.430880767283756E-03
 0.360000E+02 -0.657273243236560E-01
 0.370000E+02  0.614480804669702E-01
 0.380000E+02 -0.387176712838950E-02
 0.390000E+02 -0.662788254233217E-01
 0.400000E+02  0.658463265603662E-01
 0.410000E+02 -0.845765380286013E-02
 0.420000E+02 -0.667996584857094E-01
 0.430000E+02  0.703798801470121E-01
 0.440000E+02 -0.133767996716549E-01
 0.450000E+02 -0.672397364135743E-01
 0.460000E+02  0.749812942488744E-01
 0.470000E+02 -0.186609748184334E-01
 0.480000E+02 -0.675156547587184E-01
 0.490000E+02  0.794812976324182E-01
 0.500000E+02 -0.242964650784941E-01
 0.510000E+02 -0.674771233935138E-01
 0.520000E+02  0.834834868691234E-01
 0.530000E+02 -0.301463384246312E-01
 0.540000E+02 -0.668224319389328E-01
 0.550000E+02  0.860070335519512E-01
 0.560000E+02 -0.357069300317172E-01
 0.570000E+02 -0.648554559555096E-01
 0.580000E+02  0.842155288332136E-01
 0.590000E+02 -0.392010718769642E-01
 0.600000E+02 -0.598876239948382E-01
 0.610000E+02  0.667299078783649E-01
 0.620000E+02 -0.376410261926092E-01
 0.630000E+02 -0.716713806166087E-01
 0.640000E+02  0.532265183788772E-01
