 0.100000E+01 -0.219931872561574E-01
 0.200000E+01 -0.106639705547887E+00
 0.300000E+01 -0.697551317808841E-01
 0.400000E+01 -0.230433448890883E-01
 0.500000E+01  0.140108359057215E-02
 0.600000E+01 -0.659486883223575E-02
 0.700000E+01 -0.638101072879266E-02
 0.800000E+01  0.154923453690124E-02
 0.900000E+01 -0.282138987628460E-02
 0.100000E+02 -0.344252774620253E-02
 0.110000E+02  0.142041162829248E-02
 0.120000E+02 -0.171518153187761E-02
 0.130000E+02 -0.228552471286739E-02
 0.140000E+02  0.128324810114774E-02
 0.150000E+02 -0.123849910237522E-02
 0.160000E+02 -0.167807824675092E-02
 0.170000E+02  0.116885790852199E-02
 0.180000E+02 -0.991224677619930E-03
 0.190000E+02 -0.130658122453260E-02
 0.200000E+02  0.107743442842885E-02
 0.210000E+02 -0.848684367977772E-03
 0.220000E+02 -0.105653424098439E-02
 0.230000E+02  0.100489085053302E-02
 0.240000E+02 -0.761400741128474E-03
 0.250000E+02 -0.876633957676744E-03
 0.260000E+02  0.947340855381639E-03
 0.270000E+02 -0.706487429953081E-03
 0.280000E+02 -0.740567146151368E-03
 0.290000E+02  0.901759181961659E-03
 0.300000E+02 -0.672187268674770E-03
 0.310000E+02 -0.633445161815117E-03
 0.320000E+02  0.865879681590470E-03
 0.330000E+02 -0.652020081996078E-03
 0.340000E+02 -0.546210011018426E-03
 0.350000E+02  0.838054170578700E-03
 0.360000E+02 -0.642196496435214E-03
 0.370000E+02 -0.473015675702693E-03
 0.380000E+02  0.817080194847566E-03
 0.390000E+02 -0.640465224694829E-03
 0.400000E+02 -0.409865479544069E-03
 0.410000E+02  0.802089844037519E-03
 0.420000E+02 -0.645471152516602E-03
 0.430000E+02 -0.353896865712169E-03
 0.440000E+02  0.792472620257466E-03
 0.450000E+02 -0.656439775577832E-03
 0.460000E+02 -0.302962245800417E-03
 0.470000E+02  0.787828152485778E-03
 0.480000E+02 -0.672983622494912E-03
 0.490000E+02 -0.255351088497423E-03
 0.500000E+02  0.787910395261731E-03
 0.510000E+02 -0.695029882073781E-03
 0.520000E+02 -0.209644789366600E-03
 0.530000E+02  0.792655244585187E-03
 0.540000E+02 -0.722732396684336E-03
 0.550000E+02 -0.164558374227629E-03
 0.560000E+02  0.802095107379318E-03
 0.570000E+02 -0.756479248421745E-03
 0.580000E+02 -0.118859922058607E-03
 0.590000E+02  0.816445673832577E-03
 0.600000E+02 -0.796855595228164E-03
 0.610000E+02 -0.712994177812186E-04
 0.620000E+02  0.836028761069145E-03
 0.630000E+02 -0.844722521174904E-03
 0.640000E+02 -0.756343728628444E-02
 0.650000E+02 -0.132697021809016E-15
