 0.000000E+00 -0.190659354402669E+00  0.000000000000000E+00  0.000000000000000E+00
 0.100000E+01  0.000000000000000E+00  0.000000000000000E+00  0.000000000000000E+00
 0.200000E+01 -0.640245361256061E-01 -0.948542279663300E-02 -0.948542722698362E-02
 0.300000E+01  0.000000000000000E+00  0.000000000000000E+00  0.000000000000000E+00
 0.400000E+01  0.801236899483883E-16 -0.242175144055072E-18 -0.242175144753516E-18
 0.500000E+01 -0.368290217406252E-18  0.708313161361359E-20  0.708313135240196E-20
 0.600000E+01  0.829750500300367E-16  0.518317135725821E-17  0.518317127001263E-17
 0.700000E+01  0.216699382731594E-16  0.240108404545226E-19  0.240108421762088E-19
 0.800000E+01 -0.889337551538008E-16  0.281882681766506E-18  0.281882687886973E-18
 0.900000E+01  0.000000000000000E+00  0.000000000000000E+00  0.000000000000000E+00
 0.100000E+02 -0.134285854857984E-15 -0.102159930938194E-16 -0.102159934301367E-16
 0.110000E+02  0.150282407303502E-16 -0.340282739381686E-19 -0.340282753881470E-19
 0.120000E+02 -0.464834471838213E-17 -0.287436581620626E-18 -0.287436589286780E-18
 0.130000E+02  0.821949328711294E-17  0.852691997888231E-19  0.852691952715005E-19
 0.140000E+02 -0.441757388293782E-15 -0.863889252726727E-16 -0.863889226170594E-16
 0.150000E+02  0.623930297405627E-17  0.316795534223462E-19  0.316795543251892E-19
 0.160000E+02 -0.219242019278415E-15  0.268900538201882E-18  0.268900522521082E-18
 0.170000E+02  0.167970393615876E-17  0.991534740331772E-19  0.991534750497763E-19
 0.180000E+02 -0.901762214965970E-15 -0.177160445574207E-15 -0.177160443429531E-15
 0.190000E+02 -0.937151479071277E-17 -0.471710582321104E-18 -0.471710574556782E-18
 0.200000E+02 -0.133305254665978E-16  0.531320476299478E-18  0.531320508210883E-18
 0.210000E+02  0.254365913257006E-17  0.118908538831295E-18  0.118908545670633E-18
 0.220000E+02  0.471308803666553E-15  0.920565731511476E-16  0.920565743397192E-16
 0.230000E+02  0.196407432506178E-16  0.557467537174764E-19  0.557467465036505E-19
 0.240000E+02  0.903540142304988E-16  0.229938824101156E-18  0.229938792938556E-18
 0.250000E+02  0.275726208058135E-18 -0.175657492182007E-18 -0.175657485792758E-18
 0.260000E+02  0.506712260314234E-15  0.838452028711161E-16  0.838452087369445E-16
 0.270000E+02  0.274434500311551E-16 -0.112659604455901E-18 -0.112659628850097E-18
 0.280000E+02 -0.133277316644535E-15 -0.779360456752343E-18 -0.779360452919729E-18
 0.290000E+02  0.575616813838510E-16  0.403179870428126E-18  0.403179878031270E-18
 0.300000E+02 -0.149615998277591E-15 -0.164619894777062E-16 -0.164619939627367E-16
 0.310000E+02 -0.385502462447593E-17  0.454805063474604E-18  0.454805117706619E-18
 0.320000E+02 -0.127301363660157E-14  0.120237965950345E-17  0.120237969901234E-17
 0.330000E+02  0.200008015064185E-16  0.250837702813404E-18  0.250837709870559E-18
 0.340000E+02  0.232370021839971E-15  0.291253596540449E-16  0.291253599324995E-16
 0.350000E+02 -0.161133432985961E-17  0.267158372243000E-18  0.267158365534670E-18
 0.360000E+02 -0.705520733242501E-16  0.386073166023862E-18  0.386073231883646E-18
 0.370000E+02 -0.222565155977577E-16  0.136920391943034E-18  0.136920378445845E-18
 0.380000E+02 -0.880302395005276E-15 -0.157484210572834E-15 -0.157484213177254E-15
 0.390000E+02  0.201205045193692E-16  0.305853506425807E-18  0.305853500641723E-18
 0.400000E+02  0.668508624125487E-16  0.872647826055253E-18  0.872647815910678E-18
 0.410000E+02  0.165485243480518E-16 -0.272806512251977E-18 -0.272806551074562E-18
 0.420000E+02 -0.148521283013352E-15 -0.213862928646314E-16 -0.213862870726533E-16
 0.430000E+02 -0.122929368158097E-16  0.417973868421561E-19  0.417974284402033E-19
 0.440000E+02  0.119339812799466E-15 -0.394966316720914E-18 -0.394966397870200E-18
 0.450000E+02  0.318012682151775E-17  0.288832716685983E-19  0.288832486135902E-19
 0.460000E+02  0.570966055816956E-15  0.173764326200875E-15  0.173764325555815E-15
 0.470000E+02 -0.195989799416591E-16  0.126465227281995E-18  0.126465256558445E-18
 0.480000E+02  0.353385831902047E-15 -0.257509497812353E-17 -0.257509504119701E-17
 0.490000E+02 -0.377311712572083E-16  0.278461625189771E-18  0.278461624047742E-18
 0.500000E+02 -0.677514296629183E-15 -0.491405446067539E-16 -0.491405440919732E-16
 0.510000E+02  0.242051691127617E-17  0.394168117396801E-18  0.394168099769017E-18
 0.520000E+02 -0.588967049465668E-16  0.909320315906383E-18  0.909320382244211E-18
 0.530000E+02 -0.224929557113697E-16 -0.299062313688111E-18 -0.299062310341725E-18
 0.540000E+02 -0.180889062692879E-14 -0.298622100626992E-15 -0.298622049426525E-15
 0.550000E+02  0.448162373922531E-17 -0.166052316924592E-18 -0.166052281465610E-18
 0.560000E+02  0.267537795961651E-15  0.296368819079744E-17  0.296368807395024E-17
 0.570000E+02 -0.967807942411944E-18 -0.228323846084054E-19 -0.228324382202245E-19
 0.580000E+02  0.862927476757903E-15  0.116318275406804E-15  0.116318292464371E-15
 0.590000E+02 -0.181600127090398E-16  0.663130801390736E-19  0.663131033772431E-19
 0.600000E+02  0.305201591251457E-16 -0.356892833278809E-18 -0.356892854093589E-18
 0.610000E+02 -0.117811622447348E-16 -0.666532937079261E-19 -0.666532874864788E-19
 0.620000E+02 -0.261826726824060E-14 -0.419974058995944E-15 -0.419974038904305E-15
 0.630000E+02  0.877989449806858E-17  0.130562540557181E-18  0.130562526054778E-18
 0.640000E+02  0.161097767892245E-14 -0.123253170124913E-18 -0.123253196331467E-18
