 0.000000E+00  0.139688602532260E+00  0.698443907313050E-01  0.698442118009553E-01
 0.100000E+01  0.204323823447339E+00  0.130106441210956E+00  0.742173822363840E-01
 0.200000E+01  0.809321366250516E-01  0.696559625212103E-01  0.112761741038412E-01
 0.300000E+01  0.239158596362783E-01  0.239133323505598E-01  0.252728571849648E-05
 0.400000E+01  0.163512429408002E-01  0.151562414539512E-01  0.119500148684894E-02
 0.500000E+01  0.746896769578601E-02  0.698404875583948E-02  0.484918939946528E-03
 0.600000E+01  0.220709403507160E-02  0.220626869469244E-02  0.825340379166741E-06
 0.700000E+01  0.469019038996524E-02  0.453813932836058E-02  0.152051061604669E-03
 0.800000E+01  0.291079672069831E-02  0.283193699578990E-02  0.788597249084134E-04
 0.900000E+01  0.862104494376432E-03  0.861712959078903E-03  0.391535297532154E-06
 0.100000E+02  0.228564452822868E-02  0.224635340418901E-02  0.392911240396770E-04
 0.110000E+02  0.153265300031082E-02  0.151046026439873E-02  0.221927359120960E-04
 0.120000E+02  0.473318403274823E-03  0.473090978971426E-03  0.227424303398328E-06
 0.130000E+02  0.137442713628391E-02  0.135993241201505E-02  0.144947242688531E-04
 0.140000E+02  0.942239127994091E-03  0.933848536078596E-03  0.839059191549627E-05
 0.150000E+02  0.305873793825312E-03  0.305724653344450E-03  0.149140480863703E-06
 0.160000E+02  0.930450970258807E-03  0.923833060369371E-03  0.661790988943660E-05
 0.170000E+02  0.637282743653615E-03  0.633469609965695E-03  0.381313368791996E-05
 0.180000E+02  0.218211561860317E-03  0.218105557166845E-03  0.106004693473379E-06
 0.190000E+02  0.680454316395202E-03  0.676971487337153E-03  0.348282905804984E-05
 0.200000E+02  0.460098684499164E-03  0.458133699794430E-03  0.196498470473412E-05
 0.210000E+02  0.166604643342634E-03  0.166524831570327E-03  0.798117723083885E-07
 0.220000E+02  0.525690864449774E-03  0.523661759871186E-03  0.202910457858843E-05
 0.230000E+02  0.348458437379423E-03  0.347348896866618E-03  0.110954051280598E-05
 0.240000E+02  0.133762641735944E-03  0.133699878063013E-03  0.627636729325221E-07
 0.250000E+02  0.423275436169514E-03  0.421999137870458E-03  0.127629829905642E-05
 0.260000E+02  0.273824436755304E-03  0.273152762019907E-03  0.671674735398324E-06
 0.270000E+02  0.111695054681152E-03  0.111643974605636E-03  0.510800755166349E-07
 0.280000E+02  0.352097502229793E-03  0.351245051206231E-03  0.852451023563098E-06
 0.290000E+02  0.221632110868379E-03  0.221202571083291E-03  0.429539785089369E-06
 0.300000E+02  0.962863863031355E-04  0.962436350846683E-04  0.427512184677108E-07
 0.310000E+02  0.300770744651432E-03  0.300173092455244E-03  0.597652196188935E-06
 0.320000E+02  0.183826308365585E-03  0.183539131285236E-03  0.287177080348833E-06
 0.330000E+02  0.852408244781667E-04  0.852041945904793E-04  0.366298876878884E-07
 0.340000E+02  0.262709772245653E-03  0.262273580119671E-03  0.436192125983170E-06
 0.350000E+02  0.155664286764641E-03  0.155465091211246E-03  0.199195553395302E-06
 0.360000E+02  0.771981301620802E-04  0.771661060525954E-04  0.320241094851469E-07
 0.370000E+02  0.233892102106584E-03  0.233562740504586E-03  0.329361601998818E-06
 0.380000E+02  0.134210261471001E-03  0.134067737690219E-03  0.142523780782499E-06
 0.390000E+02  0.713135386558797E-04  0.712850425088770E-04  0.284961470031404E-07
 0.400000E+02  0.211750822306752E-03  0.211494731502184E-03  0.256090804568363E-06
 0.410000E+02  0.117570682595348E-03  0.117465961011494E-03  0.104721583854490E-06
 0.420000E+02  0.670440696890786E-04  0.670183102329498E-04  0.257594561292177E-07
 0.430000E+02  0.194589866804790E-03  0.194385570921462E-03  0.204295883328000E-06
 0.440000E+02  0.104482526015497E-03  0.104403785371707E-03  0.787406437906283E-07
 0.450000E+02  0.640325149863607E-04  0.640088943555680E-04  0.236206307933138E-07
 0.460000E+02  0.181257690682605E-03  0.181090955266011E-03  0.166735416593848E-06
 0.470000E+02  0.940797399336258E-04  0.940193247061299E-04  0.604152274963216E-07
 0.480000E+02  0.620414412264907E-04  0.620194952034840E-04  0.219460230070321E-07
 0.490000E+02  0.170957116293593E-03  0.170818212382102E-03  0.138903911491495E-06
 0.500000E+02  0.857547835897815E-04  0.857075901877004E-04  0.471934020815090E-07
 0.510000E+02  0.609143381559446E-04  0.608936963999686E-04  0.206417559762633E-07
 0.520000E+02  0.163129409178196E-03  0.163011504241711E-03  0.117904936484989E-06
 0.530000E+02  0.790737395242301E-04  0.790362787484117E-04  0.374607758186888E-07
 0.540000E+02  0.605523455105304E-04  0.605327040830422E-04  0.196414274885332E-07
 0.550000E+02  0.157383980147885E-03  0.157282155555568E-03  0.101824592317128E-06
 0.560000E+02  0.737231141888686E-04  0.736929464437859E-04  0.301677450829847E-07
 0.570000E+02  0.609003105618476E-04  0.608814125371441E-04  0.188980247036949E-07
 0.580000E+02  0.153451981893333E-03  0.153362614923950E-03  0.893669693831317E-07
 0.590000E+02  0.694753369127222E-04  0.694507218668290E-04  0.246150458935581E-07
 0.600000E+02  0.619385640043990E-04  0.619201848621879E-04  0.183791422113983E-07
 0.610000E+02  0.151158415329992E-03  0.151078778912973E-03  0.796364170192430E-07
 0.620000E+02  0.661660838353794E-04  0.661457577280237E-04  0.203261073558964E-07
 0.630000E+02  0.636793910499243E-04  0.636613276583594E-04  0.180633915652940E-07
 0.640000E+02  0.752651307152242E-04  0.752290670789218E-04  0.360636363026112E-07
