 0.000000E+00  0.278390846347773E-01
 0.100000E+01  0.154995239655620E-01
 0.200000E+01 -0.126362924432487E-01
 0.300000E+01 -0.333296465468129E-02
 0.400000E+01 -0.524700716155778E-02
 0.500000E+01 -0.908477518987968E-02
 0.600000E+01 -0.321981713921479E-03
 0.700000E+01  0.355424031665383E-03
 0.800000E+01 -0.415072481959260E-02
 0.900000E+01  0.622857706179002E-04
 0.100000E+02  0.729476684186379E-03
 0.110000E+02 -0.263428422983817E-02
 0.120000E+02  0.192846144862461E-03
 0.130000E+02  0.702658668368679E-03
 0.140000E+02 -0.193816355134381E-02
 0.150000E+02  0.255156779933240E-03
 0.160000E+02  0.625918097601966E-03
 0.170000E+02 -0.154602926955664E-02
 0.180000E+02  0.291777202707677E-03
 0.190000E+02  0.550275136720218E-03
 0.200000E+02 -0.129732245912633E-02
 0.210000E+02  0.316981081426400E-03
 0.220000E+02  0.484105394395989E-03
 0.230000E+02 -0.112714628387168E-02
 0.240000E+02  0.336708686586827E-03
 0.250000E+02  0.427517400107042E-03
 0.260000E+02 -0.100451483210039E-02
 0.270000E+02  0.353818301686295E-03
 0.280000E+02  0.378998393926943E-03
 0.290000E+02 -0.912835310536132E-03
 0.300000E+02  0.369839452382794E-03
 0.310000E+02  0.336910860040552E-03
 0.320000E+02 -0.842431927251615E-03
 0.330000E+02  0.385671838215664E-03
 0.340000E+02  0.299821879818765E-03
 0.350000E+02 -0.787281353545577E-03
 0.360000E+02  0.401860295643692E-03
 0.370000E+02  0.266505930858075E-03
 0.380000E+02 -0.743417890061077E-03
 0.390000E+02  0.418727970132295E-03
 0.400000E+02  0.235892594148143E-03
 0.410000E+02 -0.708078633309171E-03
 0.420000E+02  0.436399126819151E-03
 0.430000E+02  0.206960027357870E-03
 0.440000E+02 -0.679217102571848E-03
 0.450000E+02  0.454730181560812E-03
 0.460000E+02  0.178572260551934E-03
 0.470000E+02 -0.655153840818123E-03
 0.480000E+02  0.473072320419052E-03
 0.490000E+02  0.149148289362226E-03
 0.500000E+02 -0.634290906633568E-03
 0.510000E+02  0.489608568899011E-03
 0.520000E+02  0.115789813129066E-03
 0.530000E+02 -0.614737303421375E-03
 0.540000E+02  0.499208053610852E-03
 0.550000E+02  0.713215122900973E-04
 0.560000E+02 -0.593843050842052E-03
 0.570000E+02  0.484403162637992E-03
 0.580000E+02 -0.946413507763311E-05
 0.590000E+02 -0.570988541486795E-03
 0.600000E+02  0.352224065223165E-03
 0.610000E+02 -0.278205530796150E-03
 0.620000E+02 -0.719966265187649E-03
 0.630000E+02 -0.144754749049731E-02
 0.640000E+02 -0.151050723883105E-02
