 0.000000E+00 0.470230E+02
 0.100000E-01 0.422640E+02
 0.200000E-01 0.433140E+02
 0.300000E-01 0.425149E+02
 0.400000E-01 0.422855E+02
 0.500000E-01 0.411186E+02
 0.600000E-01 0.394388E+02
 0.700000E-01 0.378550E+02
 0.800000E-01 0.393659E+02
 0.900000E-01 0.388983E+02
 0.100000E+00 0.377040E+02
 0.110000E+00 0.375209E+02
 0.120000E+00 0.379187E+02
 0.130000E+00 0.368256E+02
 0.140000E+00 0.353988E+02
 0.150000E+00 0.358224E+02
 0.160000E+00 0.351158E+02
 0.170000E+00 0.340667E+02
 0.180000E+00 0.332650E+02
 0.190000E+00 0.330160E+02
 0.200000E+00 0.324652E+02
